fn main() {
    println!("Hello world!");
}

mod tests {
    use nalgebra::U6;
    use rand::Rng;
    type Matrix6x6 = nalgebra::MatrixMN<f64, U6, U6>;
    
    #[test]
    fn e6() {
        let e6 = [
            Matrix6x6::new(
                -1.0, 0.0, 0.0, 0.0, 0.0, 0.0, 0.0, 1.0, 0.0, 0.0, 0.0, 0.0, 0.0, 0.0, 1.0, 0.0,
                0.0, 0.0, 0.0, 0.0, 0.0, 1.0, 0.0, 0.0, 0.0, 0.0, 0.0, 0.0, 1.0, 0.0, 0.0, 0.0,
                0.0, 0.0, 0.0, 1.0,
            ),
            Matrix6x6::new(
                0.4999999999999998,
                -0.8660254037844388,
                0.0,
                0.0,
                0.0,
                0.0,
                -0.8660254037844388,
                -0.4999999999999998,
                0.0,
                0.0,
                0.0,
                0.0,
                0.0,
                0.0,
                1.0,
                0.0,
                0.0,
                0.0,
                0.0,
                0.0,
                0.0,
                1.0,
                0.0,
                0.0,
                0.0,
                0.0,
                0.0,
                0.0,
                1.0,
                0.0,
                0.0,
                0.0,
                0.0,
                0.0,
                0.0,
                1.0,
            ),
            Matrix6x6::new(
                1.0,
                -0.00000000000000007070501591499381,
                -0.00000000000000009999199243478974,
                0.0,
                0.0,
                0.0,
                -0.00000000000000007070501591499381,
                0.3333333333333329,
                -0.9428090415820636,
                0.0,
                0.0,
                0.0,
                -0.00000000000000009999199243478974,
                -0.9428090415820636,
                -0.33333333333333304,
                0.0,
                0.0,
                0.0,
                0.0,
                0.0,
                0.0,
                1.0,
                0.0,
                0.0,
                0.0,
                0.0,
                0.0,
                0.0,
                1.0,
                0.0,
                0.0,
                0.0,
                0.0,
                0.0,
                0.0,
                1.0,
            ),
            Matrix6x6::new(
                1.0,
                -0.0000000000000000000000000000000043294335711979896,
                -0.00000000000000007499399432609233,
                -0.00000000000000009681683036350966,
                0.0,
                0.0,
                -0.0000000000000000000000000000000043294335711979896,
                1.0,
                -0.00000000000000004329780281177467,
                -0.00000000000000005589722307245862,
                0.0,
                0.0,
                -0.00000000000000007499399432609233,
                -0.00000000000000004329780281177467,
                0.24999999999999956,
                -0.9682458365518543,
                0.0,
                0.0,
                -0.00000000000000009681683036350966,
                -0.00000000000000005589722307245862,
                -0.9682458365518543,
                -0.24999999999999956,
                0.0,
                0.0,
                0.0,
                0.0,
                0.0,
                0.0,
                1.0,
                0.0,
                0.0,
                0.0,
                0.0,
                0.0,
                0.0,
                1.0,
            ),
            Matrix6x6::new(
                1.0,
                -0.0000000000000000000000000000000043294335711979896,
                -0.000000000000000000000000000000006122743673781581,
                -0.00000000000000007745346429080777,
                -0.00000000000000009486073316167834,
                0.0,
                -0.0000000000000000000000000000000043294335711979896,
                1.0,
                -0.0000000000000000000000000000000035349677082368734,
                -0.000000000000000044717778457966924,
                -0.00000000000000005476786982642024,
                0.0,
                -0.000000000000000000000000000000006122743673781581,
                -0.0000000000000000000000000000000035349677082368734,
                1.0,
                -0.00000000000000006324048877445226,
                -0.00000000000000007745346429080772,
                0.0,
                -0.00000000000000007745346429080777,
                -0.000000000000000044717778457966924,
                -0.00000000000000006324048877445226,
                0.1999999999999994,
                -0.9797958971132713,
                0.0,
                -0.00000000000000009486073316167834,
                -0.00000000000000005476786982642024,
                -0.00000000000000007745346429080772,
                -0.9797958971132713,
                -0.1999999999999993,
                0.0,
                0.0,
                0.0,
                0.0,
                0.0,
                0.0,
                1.0,
            ),
            Matrix6x6::new(
                1.0,
                -0.0000000000000000000000000000000043294335711979896,
                -0.00000000000000007499399432609233,
                0.00000000000000005809009821810584,
                -0.000000000000000047430366580839244,
                -0.00000000000000006123233995736755,
                -0.0000000000000000000000000000000043294335711979896,
                1.0,
                -0.00000000000000004329780281177467,
                0.000000000000000033538333843475207,
                -0.000000000000000027383934913210162,
                -0.00000000000000003535250795749683,
                -0.00000000000000007499399432609233,
                -0.00000000000000004329780281177467,
                0.24999999999999956,
                0.5809475019311131,
                -0.47434164902525766,
                -0.6123724356957936,
                0.00000000000000005809009821810584,
                0.000000000000000033538333843475207,
                0.5809475019311131,
                0.5499999999999994,
                0.36742346141747745,
                0.4743416490252564,
                -0.000000000000000047430366580839244,
                -0.000000000000000027383934913210162,
                -0.47434164902525766,
                0.36742346141747745,
                0.6999999999999992,
                -0.38729833462074154,
                -0.00000000000000006123233995736755,
                -0.00000000000000003535250795749683,
                -0.6123724356957936,
                0.4743416490252564,
                -0.38729833462074154,
                0.5000000000000018,
            ),
        ];

        let mut rng = rand::thread_rng();
        let mut mat = e6[0].clone();

        for _ in 0..2000000 {
            mat *= e6[rng.gen_range(0..6)];
        }
    }
}
